7
2
40
12
Jesus,contra,1
4
Pepe,der,0,303.0
Juan,yolo,1,222233.45500494054
Juana,ese,2,502.0
Jose,ese,3,372.3355
5
David,zapato,1,31221.83717546509
Esparza,ese,2,6027.041
Daniel,contra,5,1000.0
Jose,trece,6,10000.0
Petronila,yo,7,1000000.0
8
1,1,33,28,1009.1207299676162,1.04,0,true
2,1,34,28,1234.0,1.03,0,true
2,1,35,91,3745.0,1.04,0,false
5,3,36,28,1200.0,1.03,0,false
2,3,37,91,1200.0,1.07,0,true
6,0,38,28,3000.0,1.03,0,false
7,0,39,180,4500.0,1.04,0,true
2,1,40,28,2300.0,1.03,0,false
8
2,1,35,28,2345.0,1.003,0,true
2,1,35,56,9876.0,1.004,0,true
6,3,37,84,12300.0,1.003,0,true
2,3,37,28,100.0,1.009,0,false
1,3,37,28,2800.0,1.004,0,true
7,0,39,28,4500.0,1.004,0,false
2,0,39,28,2300.0,1.004,0,false
6,0,39,365,60000.0,1.007,0,false
6
1,1,27,3,3164.1870000000004,1.03,109,false,0.5,0.5
1,1,29,28,876.0,1.04,81,true,0.6,0.6
1,1,30,28,907.5360000000001,1.04,64,true,0.6,0.6
1,1,28,91,3451.0,1.04,49,false,0.6,0.6
1,1,31,28,940.2072960000002,1.04,49,true,0.6,0.6
1,1,32,28,974.0547586560001,1.04,30,true,0.6,0.6
0
